5 5 5 1
7
10 10 10 1
0
10 10 10 1
999
10 10 10 1
347
3 3 3 1
1
3 3 3 1
2
3 3 3 1
3
3 3 3 1
26
3 3 3 25
1 2 3 4 5 6 7 8 9 26
10 11 12 14 15 16 17 18 19 20
21 22 23 24 25
3 3 3 25
0 1 2 3 5 6 7 8 9 20
10 11 12 14 15 16 17 18 19 26
21 22 23 24 25
3 3 3 20
0 1 2 3 5 6 7 8 9 26
11 15 17 18 19 20 21 23 24 25
5 5 5 98
0 1 2 3 4 5 6 7 8 9
10 11 12 13 14 15 16 17 18 19
20 21 22 23 24 25 26 27 28 29
30 34 35 39 40 44 45 46 47 48
49 50 51 52 53 54 55 59 60 64
65 69 70 71 72 73 74 75 76 77
78 79 80 84 85 89 90 94 95 96
97 98 99 100 101 102 103 104 105 106
107 108 109 110 111 112 113 114 115 116
117 118 119 120 121 122 123 124
10 10 10 6
2 12 112 122 123 124
5 5 5 100
0 1 2 3 4 5 6 7 8 9
10 11 12 13 14 15 16 17 18 19
20 21 22 23 24 25 26 27 28 29
30 34 35 39 40 41 45 46 47 48
49 50 51 52 53 54 55 59 60 64
65 69 70 71 72 73 74 75 76 77
78 79 80 84 85 89 90 94 95 96
97 98 99 100 101 102 103 104 105 106
107 108 109 110 111 112 113 114 115 116
117 118 119 120 121 122 123 124 37 62
5 5 5 98
0 1 2 3 4 5 6 7 8 9
10 11 12 13 14 15 16 17 18 19
20 21 22 23 24 100 101 102 103 104
105 106 107 108 109 110 111 112 113 114
115 116 117 118 119 120 121 122 123 124
25 26 27 28 29 50 51 52 53 54
75 76 77 78 79 45 46 47 48 49
70 71 72 73 74 95 96 97 98 99
30 34 55 59 80 84 35 39 60 64
85 89 40 44 65 69 90 94
5 5 5 97
0 1 2 3 4 5 6 7 8 9
10 11 12 13 14 15 16 17 18 19
20 21 22 23 24 100 101 102 103 104
105 106 107 108 109 110 111 112 113 114
115 116 117 118 119 120 121 122 123 124
25 26 27 28 29 50 51 52 53 54
75 76 77 78 79 45 46 47 48 49
70 71 72 73 74 95 96 97 98 99
30 34 55 59 80 84 35 39 60 64
85 89 44 65 69 90 94
5 5 5 101
0 1 2 3 4 5 6 7 8 9
10 11 12 13 14 15 16 17 18 19
20 21 22 23 24 100 101 102 103 104
105 106 107 108 109 110 111 112 113 114
115 116 117 118 119 120 121 122 123 124
25 26 27 28 29 50 51 52 53 54
75 76 77 78 79 45 46 47 48 49
70 71 72 73 74 95 96 97 98 99
30 34 55 59 80 84 35 39 60 64
85 89 40 44 65 69 90 94 31 32
37
10 20 10 400
155 165 345 355 364 365 542 562 564 565
566 572 581 714 742 743 746 753 761 762
764 765 766 767 771 772 774 775 776 777
780 781 782 783 784 785 786 787 795 796
914 915 924 925 934 940 942 943 944 945
946 947 951 952 953 954 955 956 957 958
961 962 963 964 965 966 967 968 971 972
973 974 975 976 977 981 982 983 984 985
986 987 992 994 995 996 997 1103 1104 1112
1114 1122 1124 1125 1131 1134 1140 1141 1142 1143
1144 1146 1147 1151 1152 1153 1154 1155 1156 1157
1161 1162 1163 1164 1165 1166 1167 1171 1172 1173
1174 1175 1176 1177 1181 1182 1183 1184 1185 1186
1191 1192 1195 1196 1314 1315 1317 1321 1322 1323
1324 1325 1327 1333 1334 1335 1337 1338 1342 1343
1344 1345 1346 1347 1348 1351 1352 1353 1354 1355
1356 1357 1362 1363 1364 1365 1366 1367 1368 1369
1371 1372 1373 1374 1375 1376 1377 1381 1382 1383
1384 1385 1386 1390 1391 1392 1393 1394 1505 1514
1515 1517 1521 1522 1523 1524 1526 1527 1528 1529
1533 1534 1535 1536 1537 1538 1539 1542 1543 1544
1545 1546 1547 1548 1549 1550 1551 1552 1553 1554
1555 1556 1557 1559 1562 1563 1564 1565 1566 1567
1568 1570 1571 1572 1573 1574 1575 1576 1577 1580
1581 1582 1583 1584 1585 1586 1590 1591 1592 1593
1594 1595 1705 1712 1713 1714 1715 1716 1717 1722
1723 1724 1725 1726 1727 1728 1732 1733 1734 1735
1736 1737 1739 1741 1742 1743 1744 1745 1746 1747
1748 1749 1751 1752 1753 1754 1755 1756 1757 1758
1759 1760 1761 1762 1763 1764 1765 1766 1767 1768
1769 1770 1771 1772 1773 1774 1775 1776 1777 1778
1780 1781 1782 1783 1784 1785 1786 1787 1788 1789
1790 1791 1792 1793 1794 1795 1796 1798 1799 1893
1894 1903 1904 1905 1913 1914 1915 1918 1922 1924
1925 1926 1927 1928 1931 1932 1933 1934 1935 1936
1937 1940 1941 1942 1943 1944 1945 1946 1947 1952
1953 1954 1955 1956 1957 1958 1959 1960 1961 1962
1963 1964 1965 1966 1967 1968 1969 1971 1974 1975
1976 1977 1978 1979 1980 1983 1984 1985 1986 1987
1988 1989 1990 1991 1992 1993 1994 1995 1996 1998
60 60 60 10000
102098 102158 102337 102398 105576 105577 105642 105698 105758 105817
105870 105879 105931 105932 105935 105937 105996 105997 105998 109053
109113 109116 109175 109176 109177 109178 109179 109180 109235 109236
109238 109239 109240 109242 109297 109298 109299 109356 109357 109358
109417 109418 109470 109476 109477 109478 109479 109530 109531 109532
109533 109534 109535 109537 109538 109591 109593 109594 109596 109597
109598 109599 109600 109653 109658 109661 109721 109774 109896 112660
112661 112712 112713 112715 112716 112717 112719 112720 112721 112772
112773 112774 112775 112776 112777 112778 112779 112780 112781 112834
112835 112836 112837 112838 112839 112840 112841 112842 112895 112896
112897 112898 112899 112952 112953 112954 112955 112956 112957 112958
112959 112960 112961 113012 113013 113014 113016 113017 113018 113072
113073 113076 113078 113079 113080 113130 113132 113133 113134 113135
113137 113138 113139 113140 113141 113191 113192 113193 113194 113195
113196 113197 113198 113199 113200 113201 113202 113203 113249 113250
113252 113253 113254 113255 113256 113257 113258 113259 113260 113261
113262 113263 113308 113309 113310 113313 113314 113315 113316 113317
113318 113319 113320 113321 113322 113374 113381 113382 113434 113441
113494 113495 113496 113497 116255 116256 116315 116316 116318 116319
116374 116376 116377 116378 116379 116380 116381 116434 116435 116436
116437 116438 116439 116440 116441 116442 116443 116493 116494 116495
116496 116498 116499 116500 116501 116502 116551 116552 116553 116554
116555 116556 116557 116558 116559 116560 116561 116562 116611 116614
116615 116616 116617 116618 116619 116620 116669 116670 116671 116672
116675 116676 116677 116678 116679 116680 116730 116731 116732 116733
116734 116735 116736 116737 116738 116739 116740 116741 116742 116788
116789 116790 116792 116793 116794 116795 116797 116798 116799 116800
116801 116802 116803 116848 116849 116850 116851 116852 116853 116854
116855 116856 116857 116858 116859 116860 116861 116862 116908 116909
116910 116912 116913 116914 116915 116916 116917 116918 116919 116920
116921 116922 116973 116974 116976 116977 116978 116979 116982 117030
117033 117034 117038 117040 117042 117090 117094 117095 117096 117097
117100 117102 117154 117161 117162 117222 119854 119855 119856 119857
119858 119914 119915 119916 119917 119918 119919 119920 119923 119974
119975 119976 119977 119978 119979 119980 119981 120034 120035 120036
120037 120038 120039 120040 120041 120042 120094 120095 120096 120097
120098 120099 120100 120101 120102 120150 120152 120153 120154 120155
120156 120157 120158 120159 120160 120161 120162 120209 120211 120212
120213 120214 120215 120216 120217 120218 120219 120220 120221 120225
120270 120271 120273 120274 120275 120276 120277 120278 120279 120280
120281 120329 120330 120331 120332 120333 120334 120335 120336 120337
120338 120339 120340 120341 120388 120389 120390 120391 120392 120393
120394 120395 120396 120397 120398 120399 120400 120401 120448 120449
120450 120451 120452 120453 120454 120455 120456 120457 120458 120459
120460 120461 120507 120508 120509 120510 120511 120512 120513 120514
120515 120516 120517 120518 120519 120520 120521 120522 120568 120569
120570 120571 120572 120573 120574 120576 120577 120578 120579 120580
120581 120582 120629 120630 120631 120632 120633 120635 120636 120637
120638 120639 120640 120641 120642 120643 120644 120689 120690 120691
120692 120695 120696 120700 120701 120702 120704 120705 120750 120754
120755 120760 120761 120762 120815 120875 123455 123456 123457 123458
123463 123515 123516 123517 123518 123519 123520 123522 123523 123573
123574 123575 123577 123578 123579 123580 123581 123582 123634 123635
123637 123638 123639 123640 123641 123643 123693 123694 123695 123696
123698 123699 123700 123701 123704 123705 123750 123751 123752 123753
123754 123755 123756 123757 123758 123759 123760 123761 123762 123809
123810 123811 123812 123813 123814 123815 123816 123817 123818 123819
123820 123821 123822 123823 123825 123869 123870 123871 123872 123873
123874 123875 123876 123877 123878 123879 123880 123881 123882 123884
123886 123928 123929 123930 123931 123932 123933 123934 123935 123936
123937 123938 123939 123940 123941 123942 123943 123988 123989 123990
123991 123992 123993 123994 123995 123996 123997 123998 123999 124000
124001 124002 124004 124048 124050 124051 124052 124053 124054 124055
124056 124057 124058 124059 124060 124061 124062 124107 124108 124110
124111 124112 124113 124114 124115 124116 124117 124118 124119 124120
124121 124122 124123 124125 124167 124168 124169 124170 124171 124172
124173 124174 124175 124176 124177 124178 124179 124180 124181 124182
124228 124229 124230 124231 124232 124233 124234 124235 124236 124237
124238 124239 124240 124241 124242 124244 124287 124288 124290 124291
124293 124295 124296 124297 124298 124299 124300 124301 124305 124347
124348 124351 124353 124354 124355 124359 124360 124361 124411 124415
124416 124417 124419 124420 124475 124535 124595 126938 126940 126942
127000 127002 127004 127054 127056 127057 127058 127060 127062 127063
127064 127114 127116 127117 127118 127119 127120 127121 127122 127123
127124 127173 127174 127175 127176 127177 127178 127179 127180 127181
127182 127183 127184 127185 127231 127233 127234 127235 127236 127237
127238 127239 127240 127241 127242 127243 127293 127294 127295 127296
127297 127298 127299 127300 127301 127302 127303 127304 127351 127352
127353 127354 127355 127356 127357 127358 127359 127360 127361 127362
127363 127409 127411 127412 127413 127414 127415 127416 127417 127418
127419 127420 127421 127422 127425 127426 127469 127470 127471 127472
127473 127474 127475 127476 127477 127478 127479 127480 127481 127482
127483 127484 127486 127488 127528 127529 127530 127531 127532 127533
127534 127535 127536 127537 127538 127539 127540 127541 127542 127543
127544 127587 127588 127589 127590 127591 127592 127593 127594 127595
127596 127597 127598 127599 127600 127601 127602 127603 127604 127647
127648 127649 127650 127651 127652 127653 127654 127655 127656 127657
127658 127659 127660 127661 127662 127663 127664 127665 127666 127707
127708 127709 127710 127711 127712 127713 127714 127715 127716 127717
127718 127719 127720 127721 127722 127723 127725 127726 127767 127768
127769 127770 127771 127772 127773 127774 127775 127776 127777 127778
127779 127780 127781 127782 127783 127784 127785 127786 127828 127829
127830 127831 127832 127833 127835 127836 127837 127838 127839 127840
127841 127842 127843 127844 127845 127846 127887 127888 127889 127890
127891 127893 127894 127895 127896 127897 127898 127899 127900 127901
127902 127904 127905 127906 127948 127953 127954 127955 127958 127959
127960 127962 127964 127966 127967 128014 128015 128016 128017 128018
128019 128020 128026 128074 128075 128076 128077 128078 128079 128134
128135 128193 130538 130598 130657 130658 130659 130661 130662 130714
130715 130716 130717 130718 130719 130720 130721 130722 130723 130774
130775 130776 130777 130778 130779 130780 130781 130782 130783 130784
130831 130832 130833 130834 130835 130836 130837 130838 130839 130840
130841 130842 130843 130844 130890 130891 130892 130893 130894 130895
130896 130897 130898 130899 130900 130901 130902 130903 130950 130951
130952 130953 130954 130955 130956 130957 130958 130959 130960 130961
130962 130963 130968 131009 131011 131012 131013 131014 131015 131016
131017 131018 131019 131020 131021 131022 131023 131024 131025 131026
131069 131070 131071 131072 131073 131074 131075 131076 131077 131078
131079 131080 131081 131082 131083 131085 131086 131087 131088 131089
131127 131129 131130 131131 131132 131133 131134 131135 131136 131137
131138 131139 131140 131141 131142 131143 131144 131145 131146 131147
131148 131187 131188 131189 131190 131191 131192 131193 131194 131195
131196 131197 131198 131199 131200 131201 131202 131203 131204 131205
131206 131207 131246 131247 131248 131249 131250 131251 131252 131253
131254 131255 131256 131257 131258 131259 131260 131261 131262 131263
131264 131265 131266 131267 131268 131269 131308 131309 131310 131311
131312 131313 131314 131315 131316 131317 131318 131319 131320 131321
131322 131323 131324 131325 131326 131328 131329 131367 131368 131369
131370 131371 131372 131373 131374 131375 131376 131377 131378 131379
131380 131381 131382 131383 131384 131385 131386 131387 131388 131427
131428 131430 131431 131432 131433 131434 131435 131436 131437 131438
131439 131440 131441 131442 131443 131444 131445 131446 131486 131487
131490 131491 131492 131493 131494 131495 131496 131497 131498 131499
131500 131501 131502 131503 131504 131505 131506 131552 131553 131554
131555 131556 131557 131558 131559 131560 131561 131562 131564 131565
131566 131610 131615 131616 131617 131618 131619 131620 131621 131622
131625 131626 131671 131672 131673 131674 131675 131678 131679 131732
131733 131734 131735 131736 131793 131794 131796 131854 134136 134137
134196 134197 134198 134199 134203 134255 134256 134257 134258 134259
134260 134261 134262 134312 134314 134315 134316 134317 134318 134319
134320 134321 134322 134323 134324 134371 134373 134374 134375 134376
134377 134378 134379 134380 134381 134382 134384 134431 134432 134433
134434 134435 134436 134437 134438 134439 134440 134441 134442 134443
134490 134491 134492 134493 134494 134495 134496 134497 134498 134499
134500 134501 134502 134503 134504 134505 134508 134509 134550 134551
134552 134553 134554 134555 134556 134557 134558 134559 134560 134561
134562 134564 134565 134568 134569 134609 134610 134611 134612 134613
134614 134615 134616 134617 134618 134619 134620 134621 134622 134623
134624 134625 134626 134627 134628 134629 134670 134671 134672 134673
134674 134675 134676 134677 134678 134679 134680 134681 134682 134683
134684 134685 134686 134687 134688 134689 134726 134729 134730 134731
134732 134733 134734 134735 134736 134737 134738 134739 134740 134741
134742 134743 134744 134745 134746 134747 134748 134749 134786 134787
134788 134789 134790 134791 134792 134793 134794 134795 134796 134797
134798 134799 134800 134801 134802 134803 134804 134805 134806 134807
134809 134810 134846 134847 134848 134849 134850 134851 134852 134853
134854 134855 134856 134857 134858 134859 134860 134861 134862 134863
134864 134865 134866 134867 134868 134907 134908 134909 134910 134911
134912 134913 134914 134915 134916 134917 134918 134919 134920 134921
134922 134923 134924 134925 134928 134929 134966 134967 134968 134969
134970 134971 134972 134973 134974 134975 134976 134977 134978 134979
134980 134981 134982 134983 134984 134985 134986 134987 134988 135024
135025 135026 135028 135029 135030 135031 135032 135033 135034 135035
135036 135037 135038 135039 135040 135041 135042 135043 135044 135045
135046 135047 135085 135088 135089 135090 135091 135092 135093 135094
135095 135096 135097 135098 135099 135100 135101 135102 135103 135104
135105 135106 135107 135150 135151 135152 135153 135154 135155 135156
135157 135158 135159 135160 135161 135162 135164 135165 135166 135210
135211 135213 135214 135215 135218 135219 135221 135222 135225 135226
135271 135272 135274 135275 135276 135277 135285 135333 135334 135335
135336 135337 135393 135394 135395 135396 135397 135398 135453 135456
137675 137676 137677 137678 137679 137680 137735 137736 137737 137738
137739 137742 137796 137797 137798 137801 137802 137803 137855 137856
137857 137858 137859 137860 137861 137862 137863 137911 137912 137913
137914 137915 137916 137917 137918 137919 137920 137921 137922 137923
137924 137973 137974 137975 137976 137977 137978 137979 137980 137981
137982 137983 137984 138030 138031 138032 138033 138034 138035 138036
138037 138038 138039 138040 138041 138042 138043 138044 138045 138091
138092 138093 138094 138095 138096 138097 138098 138099 138100 138101
138102 138103 138104 138105 138106 138108 138150 138151 138152 138153
138154 138155 138156 138157 138158 138159 138160 138161 138162 138165
138167 138168 138169 138209 138210 138211 138212 138213 138214 138215
138216 138217 138218 138219 138220 138221 138222 138223 138224 138225
138226 138227 138228 138229 138230 138270 138271 138272 138273 138274
138275 138276 138277 138278 138279 138280 138281 138282 138283 138284
138285 138286 138287 138288 138289 138290 138325 138328 138329 138330
138331 138332 138333 138334 138335 138336 138337 138338 138339 138340
138341 138342 138343 138344 138345 138346 138347 138348 138349 138385
138386 138387 138388 138389 138390 138391 138392 138393 138394 138395
138396 138397 138398 138399 138400 138401 138402 138403 138404 138405
138406 138407 138409 138445 138446 138447 138448 138449 138450 138451
138452 138453 138454 138455 138456 138457 138458 138459 138460 138461
138462 138463 138464 138465 138466 138467 138469 138504 138505 138506
138507 138508 138509 138510 138511 138512 138513 138514 138515 138516
138517 138518 138519 138520 138521 138522 138523 138524 138525 138526
138527 138528 138529 138563 138565 138566 138567 138568 138569 138570
138571 138572 138573 138574 138575 138576 138577 138578 138579 138580
138581 138582 138583 138584 138585 138586 138587 138588 138589 138590
138624 138625 138628 138629 138630 138631 138632 138633 138634 138635
138636 138637 138638 138639 138640 138641 138642 138643 138644 138645
138646 138647 138649 138688 138689 138690 138691 138692 138693 138694
138695 138696 138697 138698 138699 138700 138701 138702 138703 138704
138705 138706 138748 138749 138750 138751 138752 138753 138754 138755
138756 138757 138758 138759 138760 138761 138762 138763 138764 138765
138766 138811 138813 138814 138815 138816 138817 138818 138819 138820
138822 138823 138824 138826 138872 138873 138874 138875 138876 138877
138878 138879 138882 138883 138884 138885 138886 138932 138933 138935
138936 138937 138938 138942 138992 138993 138995 138996 138998 139002
139053 139056 139058 139113 139118 139119 139178 139179 139238 141156
141275 141276 141277 141279 141335 141336 141337 141338 141339 141342
141396 141397 141398 141399 141400 141401 141402 141452 141453 141454
141455 141456 141457 141458 141459 141460 141461 141462 141463 141464
141465 141512 141514 141515 141516 141517 141518 141519 141520 141521
141522 141523 141524 141572 141573 141574 141575 141576 141577 141578
141579 141580 141581 141582 141583 141584 141585 141586 141630 141631
141632 141633 141634 141635 141636 141637 141638 141639 141640 141641
141642 141643 141644 141645 141646 141691 141692 141693 141694 141695
141696 141697 141698 141699 141700 141701 141702 141703 141704 141705
141706 141748 141749 141750 141751 141752 141753 141754 141755 141756
141757 141758 141759 141760 141761 141762 141763 141764 141765 141811
141812 141813 141814 141815 141816 141817 141818 141819 141820 141821
141822 141823 141824 141825 141826 141827 141828 141829 141830 141869
141870 141871 141872 141873 141874 141875 141876 141877 141878 141879
141880 141881 141882 141883 141884 141885 141886 141887 141888 141889
141891 141892 141893 141925 141926 141927 141928 141929 141930 141931
141932 141933 141934 141935 141936 141937 141938 141939 141940 141941
141942 141943 141944 141945 141946 141947 141948 141949 141984 141985
141986 141987 141988 141989 141990 141991 141992 141993 141994 141995
141996 141997 141998 141999 142000 142001 142002 142003 142004 142005
142006 142007 142008 142009 142045 142046 142047 142048 142049 142050
142051 142052 142053 142054 142055 142056 142057 142058 142059 142060
142061 142062 142063 142064 142065 142066 142067 142069 142103 142104
142105 142106 142107 142108 142109 142110 142111 142112 142113 142114
142115 142116 142117 142118 142119 142120 142121 142122 142123 142124
142125 142126 142127 142128 142129 142130 142163 142165 142166 142167
142168 142169 142170 142171 142172 142173 142174 142175 142176 142177
142178 142179 142180 142181 142182 142183 142184 142185 142186 142187
142189 142190 142223 142224 142227 142228 142229 142230 142231 142232
142233 142234 142235 142236 142237 142238 142239 142240 142241 142242
142243 142244 142245 142246 142247 142248 142249 142287 142288 142289
142290 142291 142292 142293 142294 142295 142296 142297 142298 142299
142300 142301 142302 142303 142304 142305 142306 142350 142351 142352
142353 142354 142355 142356 142357 142358 142359 142360 142361 142362
142363 142364 142365 142366 142412 142413 142414 142415 142416 142417
142418 142419 142420 142421 142422 142423 142424 142425 142426 142468
142469 142472 142473 142474 142475 142476 142477 142478 142479 142482
142483 142484 142485 142486 142532 142533 142534 142535 142536 142537
142538 142539 142543 142547 142592 142593 142594 142595 142596 142597
142598 142603 142652 142653 142658 142659 142662 142663 142664 142718
142719 142777 142778 142779 144756 144757 144817 144818 144876 144877
144880 144881 144882 144935 144936 144937 144938 144939 144941 144942
144943 144994 144996 144997 144998 144999 145000 145001 145002 145004
145051 145052 145053 145054 145055 145056 145057 145058 145059 145060
145061 145062 145063 145064 145065 145112 145114 145115 145116 145117
145118 145119 145120 145121 145122 145123 145124 145172 145173 145174
145175 145176 145177 145178 145179 145180 145181 145182 145183 145184
145185 145230 145231 145232 145233 145234 145235 145236 145237 145238
145239 145240 145241 145242 145243 145244 145245 145246 145247 145248
145290 145292 145293 145294 145295 145296 145297 145298 145299 145300
145301 145302 145303 145304 145311 145347 145348 145349 145350 145351
145352 145353 145354 145355 145356 145357 145358 145359 145360 145361
145362 145363 145364 145365 145366 145370 145371 145372 145410 145411
145412 145413 145414 145415 145416 145417 145418 145419 145420 145421
145422 145423 145424 145425 145426 145427 145428 145429 145430 145432
145433 145469 145470 145471 145472 145473 145474 145475 145476 145477
145478 145479 145480 145481 145482 145483 145484 145485 145486 145487
145488 145489 145492 145529 145530 145531 145532 145533 145534 145535
145536 145537 145538 145539 145540 145541 145542 145543 145544 145545
145546 145547 145548 145549 145550 145585 145587 145588 145589 145591
145592 145593 145594 145595 145596 145597 145598 145599 145600 145601
145602 145603 145604 145605 145606 145607 145608 145609 145610 145611
145645 145646 145647 145648 145649 145650 145651 145652 145653 145654
145655 145656 145657 145658 145659 145660 145661 145662 145663 145664
145665 145666 145667 145668 145669 145670 145671 145706 145707 145708
145709 145710 145711 145712 145713 145714 145715 145716 145717 145718
145719 145720 145721 145722 145723 145724 145725 145726 145727 145728
145729 145730 145767 145768 145769 145770 145771 145772 145773 145774
145775 145776 145777 145778 145779 145780 145781 145782 145783 145784
145785 145786 145787 145788 145789 145790 145791 145826 145827 145828
145829 145830 145831 145832 145833 145834 145835 145836 145837 145838
145839 145840 145841 145842 145843 145844 145845 145846 145847 145887
145888 145889 145890 145891 145892 145893 145894 145895 145896 145897
145898 145899 145900 145901 145902 145903 145904 145905 145906 145907
145950 145951 145953 145954 145955 145956 145957 145958 145959 145960
145961 145962 145963 145964 145965 145966 146009 146010 146011 146012
146013 146014 146015 146016 146017 146018 146019 146020 146021 146022
146023 146024 146025 146026 146028 146069 146070 146073 146074 146075
146077 146078 146079 146080 146081 146082 146083 146084 146085 146086
146130 146132 146133 146135 146136 146137 146138 146139 146140 146142
146143 146144 146146 146147 146194 146197 146198 146199 146200 146202
146204 146256 146257 146260 146262 146263 146264 146265 146313 146317
146318 146319 146320 146321 146322 146323 146324 146325 146377 146378
146379 146380 146381 146383 146384 146385 146444 146504 146564 148355
148356 148357 148416 148417 148418 148421 148476 148477 148478 148479
148480 148481 148482 148483 148532 148536 148537 148538 148539 148540
148541 148542 148543 148544 148592 148594 148595 148596 148597 148598
148599 148600 148601 148602 148604 148605 148654 148655 148656 148657
148658 148659 148660 148661 148662 148663 148664 148712 148713 148714
148715 148716 148717 148718 148719 148720 148721 148722 148724 148770
148771 148772 148773 148774 148775 148776 148777 148778 148779 148780
148781 148782 148783 148784 148785 148786 148830 148831 148832 148833
148834 148835 148836 148837 148838 148839 148840 148841 148842 148843
148844 148845 148847 148851 148890 148891 148892 148893 148894 148895
148896 148897 148898 148899 148900 148901 148902 148903 148904 148907
148908 148909 148910 148911 148912 148913 148948 148951 148952 148953
148954 148955 148956 148957 148958 148959 148960 148961 148962 148963
148964 148965 148966 148967 148968 148969 148971 148972 149010 149011
149012 149013 149014 149015 149016 149017 149018 149019 149020 149021
149022 149023 149024 149025 149026 149027 149028 149029 149030 149031
149032 149033 149067 149069 149070 149071 149072 149073 149074 149075
149076 149077 149078 149079 149080 149081 149082 149083 149084 149085
149086 149087 149088 149089 149092 149123 149124 149125 149126 149127
149128 149129 149130 149131 149132 149133 149134 149135 149136 149137
149138 149139 149140 149141 149142 149143 149144 149145 149146 149147
149148 149149 149185 149186 149187 149188 149189 149190 149191 149192
149193 149194 149195 149196 149197 149198 149199 149200 149201 149202
149203 149204 149205 149206 149207 149208 149209 149210 149245 149246
149247 149248 149249 149250 149251 149252 149253 149254 149255 149256
149257 149258 149259 149260 149261 149262 149263 149264 149265 149266
149267 149268 149269 149270 149306 149307 149308 149309 149310 149311
149312 149313 149314 149315 149316 149317 149318 149319 149320 149321
149322 149323 149324 149325 149326 149327 149328 149329 149330 149367
149368 149369 149370 149371 149372 149373 149374 149375 149376 149377
149378 149379 149380 149381 149382 149383 149384 149385 149386 149387
149388 149389 149390 149391 149426 149427 149428 149429 149430 149431
149432 149433 149434 149435 149436 149437 149438 149439 149440 149441
149442 149443 149444 149445 149446 149447 149448 149449 149450 149487
149489 149490 149491 149492 149493 149494 149495 149496 149497 149498
149499 149500 149501 149502 149503 149504 149505 149506 149507 149508
149510 149549 149550 149551 149552 149553 149554 149555 149556 149557
149558 149559 149560 149561 149562 149563 149564 149565 149566 149567
149568 149609 149610 149611 149612 149613 149614 149615 149616 149617
149618 149619 149620 149621 149622 149623 149624 149625 149626 149627
149628 149629 149669 149670 149671 149673 149674 149675 149676 149677
149678 149679 149680 149681 149682 149683 149684 149685 149686 149687
149688 149728 149729 149730 149731 149732 149733 149734 149735 149736
149737 149738 149739 149740 149741 149742 149743 149744 149745 149746
149747 149791 149792 149793 149796 149797 149798 149799 149800 149801
149802 149803 149804 149805 149806 149853 149854 149856 149857 149858
149859 149860 149861 149862 149863 149864 149866 149913 149919 149920
149921 149922 149923 149924 149925 149972 149973 149979 149980 149982
149983 149984 149985 150040 150041 150044 150104 150164 151897 151956
151957 151958 152016 152017 152018 152020 152021 152076 152077 152078
152080 152081 152082 152083 152084 152085 152136 152137 152138 152139
152140 152141 152142 152143 152144 152192 152195 152196 152197 152198
152199 152200 152201 152202 152203 152252 152254 152255 152256 152257
152258 152259 152260 152261 152262 152263 152264 152313 152314 152315
152316 152317 152318 152319 152320 152321 152322 152323 152324 152370
152371 152372 152373 152374 152375 152376 152377 152378 152379 152380
152381 152382 152383 152384 152385 152386 152391 152430 152431 152432
152433 152434 152435 152436 152437 152438 152439 152440 152441 152442
152443 152444 152445 152446 152447 152448 152449 152451 152490 152491
152492 152493 152494 152495 152496 152497 152498 152499 152500 152501
152502 152503 152504 152506 152507 152508 152509 152510 152548 152550
152551 152552 152553 152554 152555 152556 152557 152558 152559 152560
152561 152562 152563 152564 152565 152566 152567 152568 152569 152570
152571 152608 152609 152610 152611 152612 152613 152614 152615 152616
152617 152618 152619 152620 152621 152622 152623 152624 152625 152626
152627 152628 152629 152630 152631 152632 152633 152666 152667 152668
152669 152670 152671 152672 152673 152674 152675 152676 152677 152678
152679 152680 152681 152682 152683 152684 152685 152686 152687 152688
152689 152690 152726 152727 152728 152729 152730 152731 152732 152733
152734 152735 152736 152737 152738 152739 152740 152741 152742 152743
152744 152745 152746 152747 152748 152749 152785 152786 152787 152789
152791 152792 152793 152794 152795 152796 152797 152798 152799 152800
152801 152802 152803 152804 152805 152806 152807 152808 152809 152810
152845 152846 152847 152848 152849 152850 152851 152852 152853 152854
152855 152856 152857 152858 152859 152860 152861 152862 152863 152864
152865 152866 152867 152868 152869 152870 152909 152910 152911 152912
152913 152914 152915 152916 152917 152918 152919 152920 152921 152922
152923 152924 152925 152926 152927 152928 152929 152930 152968 152969
152970 152971 152972 152973 152974 152975 152976 152977 152978 152979
152980 152981 152982 152983 152984 152985 152986 152987 152988 152989
152990 152991 153028 153029 153030 153031 153032 153033 153034 153035
153036 153037 153038 153039 153040 153041 153042 153043 153044 153045
153046 153047 153048 153049 153050 153087 153088 153089 153090 153091
153092 153093 153094 153095 153096 153097 153098 153099 153100 153101
153102 153103 153104 153105 153106 153107 153108 153109 153149 153150
153151 153152 153153 153154 153155 153156 153157 153158 153159 153160
153161 153162 153163 153164 153165 153166 153168 153169 153209 153210
153211 153212 153213 153214 153215 153216 153217 153218 153219 153220
153221 153222 153223 153224 153225 153226 153227 153228 153229 153269
153270 153271 153272 153273 153274 153275 153276 153277 153278 153279
153280 153281 153282 153283 153284 153285 153286 153287 153288 153289
153329 153330 153331 153332 153333 153334 153335 153336 153337 153338
153339 153340 153341 153342 153343 153344 153345 153346 153347 153350
153391 153392 153393 153396 153397 153398 153399 153400 153401 153402
153403 153404 153405 153406 153407 153410 153454 153455 153456 153458
153459 153460 153461 153462 153463 153464 153466 153515 153517 153518
153519 153520 153521 153522 153523 153524 153525 153578 153579 153580
153581 153582 153583 153637 153638 153639 153642 153644 153645 153704
155496 155497 155498 155554 155555 155556 155557 155558 155615 155616
155617 155618 155674 155675 155676 155677 155678 155680 155682 155683
155684 155734 155735 155736 155737 155738 155739 155740 155741 155742
155744 155791 155792 155794 155795 155796 155797 155798 155799 155800
155801 155802 155803 155804 155805 155853 155854 155855 155856 155857
155858 155859 155860 155861 155862 155863 155864 155865 155912 155913
155914 155915 155916 155917 155918 155919 155920 155921 155922 155923
155924 155925 155927 155928 155969 155970 155971 155972 155973 155974
155975 155976 155977 155978 155979 155980 155981 155982 155983 155984
155985 155986 155987 156029 156030 156031 156032 156033 156034 156035
156036 156037 156038 156039 156040 156041 156042 156043 156044 156045
156046 156047 156048 156089 156090 156091 156092 156093 156094 156095
156096 156097 156098 156099 156100 156101 156102 156103 156104 156105
156106 156107 156108 156109 156110 156111 156149 156150 156151 156152
156153 156154 156155 156156 156157 156158 156159 156160 156161 156162
156163 156164 156165 156166 156167 156168 156169 156170 156171 156208
156209 156210 156211 156212 156213 156214 156215 156216 156217 156218
156219 156220 156221 156222 156223 156224 156225 156226 156227 156228
156229 156230 156231 156266 156267 156269 156270 156271 156272 156273
156274 156275 156276 156277 156278 156279 156280 156281 156282 156283
156284 156285 156286 156287 156288 156289 156290 156328 156329 156330
156331 156332 156333 156334 156335 156336 156337 156338 156339 156340
156341 156342 156343 156344 156345 156346 156347 156348 156349 156350
156351 156385 156386 156387 156389 156390 156391 156392 156393 156394
156395 156396 156397 156398 156399 156400 156401 156402 156403 156404
156405 156406 156407 156408 156409 156410 156445 156446 156447 156448
156449 156450 156451 156452 156453 156454 156455 156456 156457 156458
156459 156460 156461 156462 156463 156464 156465 156466 156467 156468
156469 156470 156505 156507 156508 156509 156510 156511 156512 156513
156514 156515 156516 156517 156518 156519 156520 156521 156522 156523
156524 156525 156526 156527 156528 156529 156530 156531 156568 156569
156570 156571 156572 156573 156574 156575 156576 156577 156578 156579
156580 156581 156582 156583 156584 156585 156586 156587 156588 156589
156590 156591 156628 156629 156630 156631 156632 156633 156634 156635
156636 156637 156638 156639 156640 156641 156642 156643 156644 156645
156646 156647 156648 156649 156650 156651 156688 156689 156690 156691
156692 156693 156694 156695 156696 156697 156698 156699 156700 156701
156702 156703 156704 156705 156706 156707 156708 156709 156710 156711
156749 156750 156751 156752 156753 156754 156755 156756 156757 156758
156759 156760 156761 156762 156763 156764 156765 156766 156767 156768
156769 156770 156809 156810 156811 156812 156813 156814 156815 156816
156817 156818 156819 156820 156821 156822 156823 156824 156825 156826
156827 156828 156829 156830 156868 156869 156870 156871 156872 156873
156874 156875 156876 156877 156878 156879 156880 156881 156882 156883
156884 156885 156886 156887 156888 156889 156928 156929 156930 156931
156932 156933 156934 156935 156936 156937 156938 156939 156940 156941
156942 156943 156944 156945 156946 156947 156949 156950 156951 156988
156990 156991 156992 156993 156994 156995 156996 156997 156998 156999
157000 157001 157002 157003 157004 157005 157006 157007 157008 157009
157010 157051 157052 157053 157055 157056 157057 157058 157059 157060
157061 157062 157063 157064 157065 157066 157069 157070 157071 157112
157115 157116 157117 157118 157119 157120 157121 157122 157123 157124
157125 157174 157175 157176 157177 157181 157182 157183 157234 157235
157237 157239 157240 157241 157242 157243 157295 159037 159092 159093
159094 159095 159097 159101 159154 159155 159156 159157 159161 159162
159215 159216 159217 159218 159223 159274 159275 159276 159277 159278
159280 159281 159282 159283 159334 159335 159336 159337 159338 159339
159341 159342 159343 159344 159392 159395 159396 159397 159398 159399
159400 159401 159402 159403 159404 159451 159452 159453 159454 159455
159456 159457 159458 159459 159460 159461 159462 159463 159464 159465
159509 159511 159512 159513 159514 159515 159516 159517 159518 159519
159520 159521 159522 159523 159525 159526 159527 159528 159569 159571
159572 159573 159574 159575 159576 159577 159578 159579 159580 159581
159582 159583 159584 159585 159586 159587 159590 159631 159632 159633
159634 159635 159636 159637 159638 159639 159640 159641 159642 159643
159644 159645 159646 159647 159648 159649 159650 159691 159692 159693
159694 159695 159696 159697 159698 159699 159700 159701 159702 159703
159704 159705 159706 159707 159708 159709 159712 159748 159749 159750
159751 159752 159753 159754 159755 159756 159757 159758 159759 159760
159761 159762 159763 159764 159765 159766 159767 159768 159769 159770
159771 159772 159806 159807 159808 159809 159810 159811 159812 159813
159814 159815 159816 159817 159818 159819 159820 159821 159822 159823
159824 159825 159826 159827 159828 159829 159830 159831 159832 159867
159868 159869 159870 159871 159872 159873 159874 159875 159876 159877
159878 159879 159880 159881 159882 159883 159884 159885 159886 159887
159888 159889 159890 159891 159927 159928 159929 159930 159931 159932
159933 159934 159935 159936 159937 159938 159939 159940 159941 159942
159943 159944 159945 159946 159947 159948 159949 159950 159951 159987
159988 159989 159990 159991 159992 159993 159994 159995 159996 159997
159998 159999 160000 160001 160002 160003 160004 160005 160006 160007
160008 160009 160010 160047 160048 160049 160050 160051 160052 160053
160054 160055 160056 160057 160058 160059 160060 160061 160062 160063
160064 160065 160066 160067 160068 160069 160070 160071 160106 160107
160108 160109 160110 160111 160112 160113 160114 160115 160116 160117
160118 160119 160120 160121 160122 160123 160124 160125 160126 160127
160128 160129 160130 160131 160132 160167 160168 160169 160170 160171
160172 160173 160174 160175 160176 160177 160178 160179 160180 160181
160182 160183 160184 160185 160186 160187 160188 160189 160190 160191
160228 160229 160230 160231 160232 160233 160234 160235 160236 160237
160238 160239 160240 160241 160242 160243 160244 160245 160246 160247
160248 160249 160250 160288 160289 160290 160291 160292 160293 160294
160295 160296 160297 160298 160299 160300 160301 160302 160303 160304
160305 160306 160307 160308 160309 160310 160348 160349 160350 160351
160352 160353 160354 160355 160356 160357 160358 160359 160360 160361
160362 160363 160364 160365 160366 160367 160368 160407 160408 160409
160410 160411 160412 160413 160414 160415 160416 160417 160418 160419
160420 160421 160422 160423 160424 160425 160426 160428 160429 160430
160468 160469 160470 160471 160472 160473 160474 160475 160476 160477
160478 160479 160480 160481 160482 160483 160484 160485 160486 160487
160488 160489 160525 160526 160527 160528 160529 160530 160531 160532
160533 160534 160535 160536 160537 160538 160539 160540 160541 160542
160543 160544 160545 160546 160547 160548 160549 160550 160585 160587
160588 160590 160591 160592 160593 160594 160595 160596 160597 160598
160599 160600 160601 160602 160603 160604 160605 160606 160607 160608
160609 160610 160648 160651 160652 160653 160654 160655 160656 160657
160658 160659 160660 160661 160662 160663 160664 160665 160666 160667
160668 160669 160670 160712 160714 160715 160716 160717 160718 160719
160720 160721 160722 160723 160724 160773 160774 160775 160776 160777
160779 160780 160781 160782 160783 160784 160833 160834 160835 160836
160837 160841 160843 160895 160897 162701 162702 162754 162755 162756
162757 162760 162761 162762 162764 162814 162815 162816 162817 162818
162820 162821 162822 162823 162824 162875 162876 162877 162878 162881
162882 162934 162935 162936 162937 162938 162939 162940 162941 162942
162943 162944 162990 162994 162995 162996 162997 162998 162999 163000
163001 163002 163003 163050 163051 163052 163053 163054 163055 163056
163057 163058 163059 163060 163061 163062 163063 163064 163065 163067
163113 163114 163115 163116 163117 163118 163119 163120 163121 163122
163123 163124 163125 163126 163127 163169 163170 163171 163172 163173
163174 163175 163176 163177 163178 163179 163180 163181 163182 163183
163184 163185 163186 163187 163188 163189 163190 163230 163231 163232
163233 163234 163235 163236 163237 163238 163239 163240 163241 163242
163243 163244 163245 163246 163247 163248 163249 163250 163290 163291
163292 163293 163294 163295 163296 163297 163298 163299 163300 163301
163302 163303 163304 163305 163306 163307 163308 163309 163310 163348
163349 163350 163351 163352 163353 163354 163355 163356 163357 163358
163359 163360 163361 163362 163363 163364 163365 163366 163367 163368
163369 163370 163372 163407 163408 163409 163410 163411 163412 163413
163414 163415 163416 163417 163418 163419 163420 163421 163422 163423
163424 163425 163426 163427 163428 163429 163430 163431 163432 163469
163470 163471 163472 163473 163474 163475 163476 163477 163478 163479
163480 163481 163482 163483 163484 163485 163486 163487 163488 163489
163490 163491 163492 163527 163528 163529 163530 163531 163532 163533
163534 163535 163536 163537 163538 163539 163540 163541 163542 163543
163544 163545 163546 163547 163548 163549 163550 163551 163552 163587
163588 163589 163590 163591 163592 163593 163594 163595 163596 163597
163598 163599 163600 163601 163602 163603 163604 163605 163606 163607
163608 163609 163647 163648 163649 163650 163651 163652 163653 163654
163655 163656 163657 163658 163659 163660 163661 163662 163663 163664
163665 163666 163667 163668 163669 163670 163705 163706 163707 163708
163709 163710 163711 163712 163713 163714 163715 163716 163717 163718
163719 163720 163721 163722 163723 163724 163725 163726 163727 163728
163729 163730 163731 163732 163733 163765 163766 163767 163768 163769
163770 163771 163772 163773 163774 163775 163776 163777 163778 163779
163780 163781 163782 163783 163784 163785 163786 163787 163788 163789
163790 163825 163829 163830 163831 163832 163833 163834 163835 163836
163837 163838 163839 163840 163841 163842 163843 163844 163845 163846
163847 163848 163849 163887 163889 163890 163891 163892 163893 163894
163895 163896 163897 163898 163899 163900 163901 163902 163903 163904
163905 163906 163907 163908 163909 163910 163911 163947 163948 163949
163950 163951 163952 163953 163954 163955 163956 163957 163958 163959
163960 163961 163962 163963 163964 163965 163966 163967 163968 163969
163970 164008 164009 164010 164011 164012 164013 164014 164015 164016
164017 164018 164019 164020 164021 164022 164023 164024 164025 164026
164027 164028 164029 164069 164070 164071 164072 164073 164074 164075
164076 164077 164078 164079 164080 164081 164082 164083 164084 164085
164086 164087 164088 164089 164129 164130 164131 164132 164133 164134
164135 164136 164137 164138 164139 164140 164141 164142 164143 164144
164145 164146 164147 164148 164149 164150 164188 164190 164191 164192
164193 164194 164195 164196 164197 164198 164199 164200 164201 164202
164203 164204 164205 164206 164209 164210 164252 164253 164254 164255
164256 164257 164258 164259 164260 164261 164262 164263 164264 164265
164266 164314 164315 164316 164317 164318 164319 164320 164322 164323
164324 164373 164374 164375 164376 164377 164383 164433 164435 164436
164437 164441 164495 164496 164497 164557 166361 166362 166411 166413
166414 166415 166418 166419 166422 166423 166474 166475 166476 166477
166478 166479 166480 166481 166482 166483 166484 166530 166531 166534
166535 166536 166537 166538 166539 166540 166541 166542 166543 166544
166545 166590 166591 166592 166593 166594 166595 166596 166597 166598
166599 166600 166601 166602 166603 166604 166605 166606 166650 166651
166652 166653 166654 166655 166656 166657 166658 166659 166660 166661
166662 166663 166664 166665 166666 166667 166710 166711 166712 166713
166714 166715 166716 166717 166718 166719 166720 166721 166722 166723
166724 166725 166767 166768 166769 166770 166771 166772 166773 166774
166775 166776 166777 166778 166779 166780 166781 166782 166783 166784
166785 166786 166787 166789 166790 166828 166829 166830 166831 166832
166833 166834 166835 166836 166837 166838 166839 166840 166841 166842
166843 166844 166845 166846 166847 166848 166849 166885 166886 166887
166888 166889 166890 166891 166892 166893 166894 166895 166896 166897
166898 166899 166900 166901 166902 166903 166904 166905 166906 166907
166908 166948 166949 166950 166951 166952 166953 166954 166955 166956
166957 166958 166959 166960 166961 166962 166963 166964 166965 166966
166967 166968 166969 166970 166972 167008 167009 167010 167011 167012
167013 167014 167015 167016 167017 167018 167019 167020 167021 167022
167023 167024 167025 167026 167027 167028 167029 167032 167068 167069
167070 167071 167072 167073 167074 167075 167076 167077 167078 167079
167080 167081 167082 167083 167084 167085 167086 167087 167088 167089
167092 167128 167129 167130 167131 167132 167133 167134 167135 167136
167137 167138 167139 167140 167141 167142 167143 167144 167145 167146
167147 167148 167149 167188 167189 167190 167191 167192 167193 167194
167195 167196 167197 167198 167199 167200 167201 167202 167203 167204
167205 167206 167207 167208 167209 167210 167211 167248 167249 167250
167251 167252 167253 167254 167255 167256 167257 167258 167259 167260
167261 167262 167263 167264 167265 167266 167267 167268 167269 167270
167307 167308 167309 167310 167311 167312 167313 167314 167315 167316
167317 167318 167319 167320 167321 167322 167323 167324 167325 167326
167327 167328 167329 167330 167331 167332 167365 167368 167369 167370
167371 167372 167373 167374 167375 167376 167377 167378 167379 167380
167381 167382 167383 167384 167385 167386 167387 167388 167389 167390
167425 167430 167431 167432 167433 167434 167435 167436 167437 167438
167439 167440 167441 167442 167443 167444 167445 167446 167447 167448
167449 167450 167486 167487 167490 167491 167492 167493 167494 167495
167496 167497 167498 167499 167500 167501 167502 167503 167504 167505
167506 167507 167508 167509 167510 167548 167549 167550 167551 167552
167553 167554 167555 167556 167557 167558 167559 167560 167561 167562
167563 167564 167565 167566 167567 167568 167569 167608 167610 167611
167612 167613 167614 167615 167616 167617 167618 167619 167620 167621
167622 167623 167624 167625 167626 167627 167628 167629 167670 167671
167672 167673 167674 167675 167676 167677 167678 167679 167680 167681
167682 167683 167684 167685 167686 167687 167688 167727 167728 167730
167731 167732 167733 167734 167735 167736 167737 167738 167739 167740
167741 167742 167743 167744 167745 167746 167747 167748 167791 167792
167793 167794 167795 167796 167797 167798 167799 167800 167801 167802
167803 167804 167805 167806 167854 167855 167856 167857 167858 167859
167860 167861 167862 167863 167864 167865 167914 167916 167917 167918
167919 167920 167921 167922 167923 167925 167975 167981 167982 168035
168095 168096 168097 169954 169955 170011 170012 170013 170014 170015
170016 170017 170018 170020 170022 170023 170068 170069 170070 170071
170074 170075 170076 170077 170078 170079 170080 170081 170082 170083
170084 170085 170130 170132 170134 170135 170136 170137 170138 170139
170140 170141 170142 170143 170144 170145 170146 170192 170193 170194
170195 170196 170197 170198 170199 170200 170201 170202 170203 170204
170205 170206 170250 170251 170252 170253 170254 170255 170256 170257
170258 170259 170260 170261 170262 170263 170264 170265 170266 170309
170310 170312 170313 170314 170315 170316 170317 170318 170319 170320
170321 170322 170323 170324 170325 170326 170327 170328 170369 170370
170371 170372 170373 170374 170375 170376 170377 170378 170379 170380
170381 170382 170383 170384 170385 170386 170387 170427 170428 170429
170430 170431 170432 170433 170434 170435 170436 170437 170438 170439
170440 170441 170442 170443 170444 170445 170446 170447 170448 170487
170488 170489 170490 170491 170492 170493 170494 170495 170496 170497
170498 170499 170500 170501 170502 170503 170504 170505 170506 170507
170548 170549 170550 170551 170552 170553 170554 170555 170556 170557
170558 170559 170560 170561 170562 170563 170564 170565 170566 170567
170568 170608 170609 170610 170611 170612 170613 170614 170615 170616
170617 170618 170619 170620 170621 170622 170623 170624 170625 170626
170627 170628 170629 170668 170669 170670 170671 170672 170673 170674
170675 170676 170677 170678 170679 170680 170681 170682 170683 170684
170685 170686 170687 170688 170689 170690 170691 170729 170730 170731
170732 170733 170734 170735 170736 170737 170738 170739 170740 170741
170742 170743 170744 170745 170746 170747 170748 170749 170750 170751
170752 170788 170789 170790 170791 170792 170793 170794 170795 170796
170797 170798 170799 170800 170801 170802 170803 170804 170805 170806
170807 170808 170809 170810 170811 170847 170848 170849 170851 170852
170853 170854 170855 170856 170857 170858 170859 170860 170861 170862
170863 170864 170865 170866 170867 170868 170869 170870 170871 170908
170909 170910 170911 170912 170913 170914 170915 170916 170917 170918
170919 170920 170921 170922 170923 170924 170925 170926 170927 170928
170929 170930 170931 170932 170933 170967 170968 170969 170970 170972
170973 170974 170975 170976 170977 170978 170979 170980 170981 170982
170983 170984 170985 170986 170987 170988 170989 170990 171026 171030
171031 171032 171033 171034 171035 171036 171037 171038 171039 171040
171041 171042 171043 171044 171045 171046 171047 171048 171049 171050
171086 171087 171088 171090 171091 171092 171093 171094 171095 171096
171097 171098 171099 171100 171101 171102 171103 171104 171105 171106
171107 171108 171109 171110 171147 171148 171149 171150 171151 171152
171153 171154 171155 171156 171157 171158 171159 171160 171161 171162
171163 171164 171165 171166 171167 171168 171169 171207 171208 171209
171210 171211 171212 171213 171214 171215 171216 171217 171218 171219
171220 171221 171222 171223 171224 171225 171226 171228 171229 171231
171266 171267 171268 171269 171270 171271 171272 171273 171274 171275
171276 171277 171278 171279 171280 171281 171282 171283 171284 171285
171286 171288 171289 171326 171327 171328 171329 171331 171332 171333
171334 171335 171336 171337 171338 171339 171340 171341 171342 171343
171344 171345 171346 171348 171349 171386 171392 171393 171394 171395
171396 171397 171398 171399 171400 171401 171402 171403 171404 171405
171454 171455 171456 171457 171458 171459 171461 171462 171463 171464
171465 171514 171516 171518 171519 171578 171635 173503 173504 173554
173556 173563 173564 173566 173609 173610 173611 173612 173613 173614
173615 173616 173617 173621 173624 173625 173626 173669 173670 173671
173672 173673 173674 173675 173676 173677 173678 173680 173681 173682
173683 173684 173685 173686 173731 173732 173733 173734 173735 173736
173737 173738 173739 173740 173741 173742 173743 173744 173745 173746
173747 173789 173791 173792 173793 173794 173795 173796 173797 173798
173799 173800 173801 173802 173803 173804 173805 173806 173849 173850
173851 173852 173853 173854 173855 173856 173857 173858 173859 173860
173861 173862 173863 173864 173865 173866 173908 173909 173910 173911
173912 173913 173914 173915 173916 173917 173918 173919 173920 173921
173922 173923 173924 173925 173926 173927 173928 173929 173968 173969
173970 173971 173972 173973 173974 173975 173976 173977 173978 173979
173980 173981 173982 173983 173984 173985 173986 173987 173989 174027
174028 174029 174030 174031 174032 174033 174034 174035 174036 174037
174038 174039 174040 174041 174042 174043 174044 174045 174046 174047
174048 174091 174092 174093 174094 174095 174096 174097 174098 174099
174100 174101 174102 174103 174104 174105 174106 174107 174109 174110
174148 174149 174150 174151 174152 174153 174154 174155 174156 174157
174158 174159 174160 174161 174162 174163 174164 174165 174166 174167
174168 174209 174210 174211 174212 174213 174214 174215 174216 174217
174218 174219 174220 174221 174222 174223 174224 174225 174226 174227
174228 174229 174270 174271 174272 174273 174274 174275 174276 174277
174278 174279 174280 174281 174282 174283 174284 174285 174286 174287
174288 174289 174290 174291 174327 174328 174329 174330 174331 174332
174333 174334 174335 174336 174337 174338 174339 174340 174341 174342
174343 174344 174345 174346 174347 174348 174349 174350 174351 174352
174353 174388 174389 174390 174391 174392 174393 174394 174395 174396
174397 174398 174399 174400 174401 174402 174403 174404 174405 174406
174407 174408 174409 174410 174448 174449 174451 174452 174453 174454
174455 174456 174457 174458 174459 174460 174461 174462 174463 174464
174465 174466 174467 174468 174469 174470 174508 174509 174510 174511
174512 174513 174514 174515 174516 174517 174518 174519 174520 174521
174522 174523 174524 174525 174526 174527 174528 174529 174530 174531
174532 174567 174568 174569 174570 174571 174572 174573 174574 174575
174576 174577 174578 174579 174580 174581 174582 174583 174584 174585
174586 174587 174588 174589 174590 174591 174629 174630 174631 174632
174633 174634 174635 174636 174637 174638 174639 174640 174641 174642
174643 174644 174645 174646 174647 174648 174649 174650 174687 174688
174689 174692 174693 174694 174695 174696 174697 174698 174699 174700
174701 174702 174703 174704 174705 174706 174707 174708 174709 174710
174711 174747 174748 174749 174750 174751 174752 174753 174754 174755
174756 174757 174758 174759 174760 174761 174762 174763 174764 174765
174766 174767 174768 174769 174770 174771 174808 174809 174810 174811
174812 174813 174814 174815 174816 174817 174818 174819 174820 174821
174822 174823 174824 174825 174826 174827 174828 174829 174831 174866
174867 174868 174869 174870 174871 174872 174873 174874 174875 174876
174877 174878 174879 174880 174881 174882 174883 174884 174885 174886
174887 174888 174889 174928 174929 174930 174932 174933 174934 174935
174936 174937 174938 174939 174940 174941 174942 174943 174992 174993
174994 174995 174996 174997 174998 174999 175000 175001 175002 175003
175004 175054 175055 175056 175057 175058 175059 175061 175062 175114
175118 175119 177034 177094 177150 177151 177154 177155 177156 177166
177210 177211 177215 177216 177217 177220 177221 177224 177225 177271
177272 177273 177274 177275 177276 177277 177278 177280 177282 177283
177284 177285 177286 177287 177332 177333 177334 177335 177336 177337
177338 177339 177340 177341 177342 177344 177345 177346 177347 177391
177392 177393 177394 177395 177396 177397 177398 177399 177400 177401
177402 177403 177404 177405 177406 177407 177449 177450 177451 177452
177453 177454 177455 177456 177457 177458 177459 177460 177461 177462
177463 177464 177465 177466 177467 177468 177509 177510 177511 177512
177513 177514 177515 177516 177517 177518 177519 177520 177521 177522
177523 177524 177525 177526 177527 177528 177529 177530 177568 177570
177571 177572 177573 177574 177575 177576 177577 177578 177579 177580
177581 177582 177583 177584 177585 177586 177587 177588 177589 177590
177626 177627 177628 177631 177632 177633 177634 177635 177636 177637
177638 177639 177640 177641 177642 177643 177644 177645 177646 177647
177648 177649 177650 177651 177691 177692 177693 177694 177695 177696
177697 177698 177699 177700 177701 177702 177703 177704 177705 177706
177707 177709 177710 177711 177748 177749 177750 177751 177752 177753
177754 177755 177756 177757 177758 177759 177760 177761 177762 177763
177764 177765 177766 177767 177769 177770 177808 177809 177810 177811
177812 177813 177814 177815 177816 177817 177818 177819 177820 177821
177822 177823 177824 177825 177826 177827 177828 177829 177831 177865
177866 177867 177869 177870 177871 177872 177873 177874 177875 177876
177877 177878 177879 177880 177881 177882 177883 177884 177885 177886
177887 177888 177889 177890 177891 177927 177928 177929 177930 177931
177932 177933 177934 177935 177936 177937 177938 177939 177940 177941
177942 177943 177944 177945 177946 177947 177948 177949 177950 177951
177953 177954 177988 177989 177990 177991 177992 177993 177994 177995
177996 177997 177998 177999 178000 178001 178002 178003 178004 178005
178006 178007 178008 178009 178010 178011 178048 178049 178050 178051
178052 178053 178054 178055 178056 178057 178058 178059 178060 178061
178062 178063 178064 178065 178066 178067 178068 178069 178070 178071
178108 178109 178110 178111 178112 178113 178114 178115 178116 178117
178118 178119 178120 178121 178122 178123 178124 178125 178126 178127
178128 178129 178130 178131 178132 178169 178171 178172 178173 178174
178175 178176 178177 178178 178179 178180 178181 178182 178183 178184
178185 178186 178187 178188 178189 178190 178229 178231 178232 178233
178234 178235 178236 178237 178238 178239 178240 178241 178242 178243
178244 178245 178246 178247 178248 178249 178250 178291 178292 178293
178294 178295 178296 178297 178298 178299 178300 178301 178302 178303
178304 178305 178306 178307 178308 178309 178310 178311 178347 178348
178349 178350 178351 178352 178353 178354 178355 178356 178357 178358
178359 178360 178361 178362 178363 178364 178365 178366 178367 178368
178371 178408 178411 178412 178413 178414 178415 178416 178417 178418
178419 178420 178421 178422 178423 178424 178425 178426 178427 178431
178470 178471 178472 178473 178474 178476 178477 178478 178479 178480
178481 178482 178483 178484 178485 178486 178530 178531 178532 178533
178535 178536 178537 178538 178539 178540 178541 178542 178543 178544
178596 178597 178598 178599 178600 178601 178602 178603 178654 178655
178656 178657 178658 178660 178661 178662 178663 178714 180693 180694
180751 180755 180756 180758 180811 180815 180816 180817 180818 180821
180872 180873 180875 180876 180877 180878 180880 180881 180882 180885
180933 180934 180935 180936 180937 180938 180939 180940 180941 180942
180943 180944 180945 180991 180992 180993 180994 180995 180996 180997
180998 180999 181000 181001 181002 181003 181004 181005 181050 181052
181053 181054 181055 181056 181057 181058 181059 181060 181061 181062
181063 181064 181065 181066 181068 181111 181112 181113 181114 181115
181116 181117 181118 181119 181120 181121 181122 181123 181124 181125
181126 181129 181171 181172 181173 181174 181175 181176 181177 181178
181179 181180 181181 181182 181183 181184 181185 181186 181188 181189
181231 181232 181233 181234 181235 181236 181237 181238 181239 181240
181241 181242 181243 181244 181245 181246 181247 181248 181249 181250
181288 181290 181291 181292 181293 181294 181295 181296 181297 181298
181299 181300 181301 181302 181303 181304 181305 181306 181307 181308
181309 181310 181311 181347 181348 181350 181351 181352 181353 181354
181355 181356 181357 181358 181359 181360 181361 181362 181363 181364
181365 181366 181367 181368 181369 181407 181408 181409 181410 181411
181412 181413 181414 181415 181416 181417 181418 181419 181420 181421
181422 181423 181424 181425 181426 181427 181428 181429 181430 181431
181467 181468 181469 181470 181471 181472 181473 181474 181475 181476
181477 181478 181479 181480 181481 181482 181483 181484 181485 181486
181487 181488 181489 181490 181491 181528 181529 181530 181531 181532
181533 181534 181535 181536 181537 181538 181539 181540 181541 181542
181543 181544 181545 181546 181547 181548 181549 181550 181551 181552
181588 181589 181590 181591 181592 181593 181594 181595 181596 181597
181598 181599 181600 181601 181602 181603 181604 181605 181606 181607
181608 181609 181610 181611 181651 181652 181653 181654 181655 181656
181657 181658 181659 181660 181661 181662 181663 181664 181665 181666
181667 181668 181669 181670 181709 181711 181712 181713 181714 181715
181716 181717 181718 181719 181720 181721 181722 181723 181724 181725
181726 181727 181728 181729 181730 181731 181770 181771 181772 181773
181774 181775 181776 181777 181778 181779 181780 181781 181782 181783
181784 181785 181786 181787 181788 181789 181790 181791 181832 181833
181834 181835 181836 181837 181838 181839 181840 181841 181842 181843
181844 181845 181846 181847 181848 181849 181850 181851 181890 181891
181892 181893 181894 181895 181896 181897 181898 181899 181900 181901
181902 181903 181904 181905 181906 181907 181908 181909 181910 181950
181952 181953 181954 181955 181956 181957 181958 181959 181960 181961
181962 181963 181964 181965 181967 181968 181969 182012 182013 182014
182015 182016 182017 182018 182019 182020 182021 182022 182023 182024
182025 182026 182073 182074 182075 182076 182077 182078 182079 182080
182081 182082 182083 182084 182085 182086 182134 182135 182136 182137
182138 182139 182140 182141 182142 182143 182144 182145 182195 182196
182197 182198 182199 182200 182203 182204 182255 182256 182257 182258
182259 182260 182318 182319 184294 184351 184354 184355 184358 184413
184414 184415 184416 184418 184473 184474 184475 184476 184477 184478
184480 184481 184482 184483 184532 184533 184535 184536 184537 184538
184539 184540 184541 184542 184591 184592 184593 184594 184595 184596
184597 184598 184599 184600 184601 184602 184603 184604 184605 184652
184653 184654 184655 184656 184657 184658 184659 184660 184661 184662
184663 184664 184665 184711 184712 184713 184714 184715 184716 184717
184718 184719 184720 184721 184722 184723 184724 184725 184726 184771
184772 184773 184774 184775 184776 184777 184778 184779 184780 184781
184782 184783 184784 184785 184786 184787 184789 184790 184831 184832
184833 184834 184835 184836 184837 184838 184839 184840 184841 184842
184843 184844 184845 184846 184847 184848 184849 184850 184891 184893
184894 184895 184896 184897 184898 184899 184900 184901 184902 184903
184904 184905 184906 184907 184908 184909 184910 184951 184952 184953
184954 184955 184956 184957 184958 184959 184960 184961 184962 184963
184964 184965 184966 184967 184969 185008 185009 185010 185011 185012
185013 185014 185015 185016 185017 185018 185019 185020 185021 185022
185023 185024 185025 185026 185027 185028 185030 185031 185032 185067
185068 185069 185070 185071 185072 185073 185074 185075 185076 185077
185078 185079 185080 185081 185082 185083 185084 185085 185086 185087
185088 185089 185090 185091 185129 185130 185131 185132 185133 185134
185135 185136 185137 185138 185139 185140 185141 185142 185143 185144
185145 185146 185147 185148 185149 185150 185151 185189 185190 185191
185192 185193 185194 185195 185196 185197 185198 185199 185200 185201
185202 185203 185204 185205 185206 185207 185208 185209 185210 185248
185249 185250 185251 185252 185253 185254 185255 185256 185257 185258
185259 185260 185261 185262 185263 185264 185265 185266 185267 185268
185269 185270 185308 185309 185311 185312 185313 185314 185315 185316
185317 185318 185319 185320 185321 185322 185323 185324 185325 185326
185327 185328 185329 185330 185331 185370 185371 185372 185373 185374
185375 185376 185377 185378 185379 185380 185381 185382 185383 185384
185385 185386 185387 185389 185390 185391 185432 185433 185434 185435
185436 185437 185438 185439 185440 185441 185442 185443 185444 185445
185446 185447 185449 185450 185451 185492 185493 185494 185495 185496
185497 185498 185499 185500 185501 185502 185503 185504 185505 185506
185507 185508 185509 185552 185553 185554 185555 185556 185557 185558
185559 185560 185561 185562 185563 185564 185565 185566 185567 185613
185614 185615 185616 185617 185618 185619 185620 185621 185622 185623
185624 185625 185626 185627 185674 185675 185676 185677 185678 185679
185680 185682 185684 185685 185686 185735 185736 185737 185738 185739
185740 185742 185744 185745 185746 185795 185796 185797 185798 185799
185804 185805 185855 185856 185858 185864 185917 185918 187955 187956
187958 188013 188015 188016 188018 188020 188073 188074 188075 188076
188077 188078 188079 188080 188081 188082 188083 188131 188132 188133
188134 188135 188136 188137 188138 188139 188140 188141 188142 188143
188144 188190 188191 188192 188193 188194 188195 188196 188197 188198
188199 188200 188201 188202 188204 188205 188206 188249 188252 188253
188254 188255 188256 188257 188258 188259 188260 188261 188262 188263
188264 188265 188266 188309 188310 188311 188312 188313 188314 188315
188316 188317 188318 188319 188320 188321 188322 188323 188324 188325
188326 188327 188369 188370 188371 188372 188373 188374 188375 188376
188377 188378 188379 188380 188381 188382 188383 188384 188385 188386
188387 188431 188432 188433 188434 188435 188436 188437 188438 188439
188440 188441 188442 188443 188444 188445 188492 188493 188494 188495
188496 188497 188498 188499 188500 188501 188502 188503 188504 188505
188506 188507 188508 188549 188551 188552 188553 188554 188555 188556
188557 188558 188559 188560 188561 188562 188563 188564 188565 188608
188609 188610 188611 188612 188613 188614 188615 188616 188617 188618
188619 188620 188621 188622 188623 188624 188625 188628 188668 188669
188670 188671 188672 188673 188674 188675 188676 188677 188678 188679
188680 188681 188682 188683 188684 188685 188686 188687 188688 188689
188729 188730 188731 188732 188733 188734 188735 188736 188737 188738
188739 188740 188741 188742 188743 188744 188745 188746 188747 188748
188749 188788 188789 188790 188791 188792 188793 188794 188795 188796
188797 188798 188799 188800 188801 188802 188803 188804 188805 188806
188807 188808 188809 188848 188849 188850 188851 188852 188853 188854
188855 188856 188857 188858 188859 188860 188861 188862 188863 188864
188865 188866 188867 188868 188869 188870 188909 188910 188911 188912
188913 188914 188915 188916 188917 188918 188919 188920 188921 188922
188923 188924 188925 188926 188927 188928 188929 188930 188932 188970
188971 188972 188973 188974 188975 188976 188977 188978 188979 188980
188981 188982 188983 188984 188985 188986 188987 188988 188989 188990
188991 188992 189030 189031 189032 189033 189034 189035 189036 189037
189038 189039 189040 189041 189042 189043 189044 189045 189046 189047
189048 189049 189050 189051 189093 189094 189095 189096 189097 189098
189099 189100 189101 189102 189103 189104 189105 189106 189108 189109
189153 189154 189155 189156 189157 189158 189159 189160 189161 189162
189163 189164 189165 189166 189167 189213 189216 189217 189218 189219
189220 189221 189222 189223 189224 189225 189226 189227 189228 189275
189276 189277 189278 189279 189280 189281 189282 189283 189284 189286
189335 189336 189338 189340 189341 189342 189344 189345 189346 189396
189397 189398 189404 189464 189518 191558 191614 191615 191616 191618
191674 191675 191676 191677 191678 191679 191680 191731 191732 191733
191735 191736 191737 191738 191739 191740 191741 191742 191791 191792
191793 191794 191795 191796 191797 191798 191799 191800 191801 191802
191806 191847 191848 191849 191851 191852 191853 191854 191855 191856
191857 191858 191859 191860 191861 191862 191863 191866 191867 191908
191909 191910 191911 191912 191913 191914 191915 191916 191917 191918
191919 191920 191921 191922 191923 191924 191925 191926 191927 191969
191972 191973 191974 191975 191976 191977 191978 191979 191980 191981
191982 191983 191984 191986 191987 192031 192032 192033 192034 192035
192036 192037 192038 192039 192040 192041 192042 192043 192044 192045
192092 192093 192094 192095 192096 192097 192098 192099 192100 192101
192102 192103 192104 192105 192108 192151 192152 192153 192154 192155
192156 192157 192158 192159 192160 192161 192162 192163 192164 192211
192212 192213 192214 192215 192216 192217 192218 192219 192220 192221
192222 192223 192224 192225 192227 192228 192229 192230 192269 192270
192271 192272 192273 192274 192275 192276 192277 192278 192279 192280
192281 192282 192283 192284 192285 192286 192287 192288 192289 192290
192329 192330 192331 192332 192333 192334 192335 192336 192337 192338
192339 192340 192341 192342 192343 192344 192345 192346 192347 192348
192349 192351 192352 192388 192389 192390 192391 192392 192393 192394
192395 192396 192397 192398 192399 192400 192401 192402 192403 192404
192405 192406 192407 192408 192409 192448 192449 192450 192451 192452
192453 192454 192455 192456 192457 192458 192459 192460 192461 192462
192463 192464 192465 192466 192467 192468 192471 192472 192473 192509
192510 192511 192512 192513 192514 192515 192516 192517 192518 192519
192520 192521 192522 192523 192524 192525 192526 192527 192528 192529
192530 192531 192532 192533 192568 192569 192571 192572 192573 192574
192575 192576 192577 192578 192579 192580 192581 192582 192583 192584
192586 192587 192588 192589 192590 192591 192592 192593 192628 192629
192632 192633 192634 192637 192638 192639 192640 192641 192642 192643
192644 192645 192646 192647 192650 192653 192693 192694 192696 192697
192698 192699 192700 192701 192702 192703 192704 192705 192707 192753
192756 192757 192758 192759 192760 192761 192762 192763 192764 192765
192766 192767 192816 192817 192818 192819 192820 192821 192822 192823
192824 192825 192826 192877 192878 192879 192880 192881 192882 192885
192937 192938 192939 192941 192942 192997 192998 193004 193064 195275
195276 195281 195282 195333 195334 195336 195337 195338 195339 195340
195341 195342 195390 195391 195393 195394 195395 195396 195397 195398
195399 195400 195401 195402 195403 195451 195452 195453 195454 195455
195456 195457 195458 195460 195461 195462 195463 195466 195467 195507
195508 195509 195510 195511 195512 195513 195514 195515 195516 195517
195518 195519 195520 195521 195522 195523 195570 195571 195572 195573
195574 195575 195576 195577 195578 195579 195580 195581 195582 195583
195584 195629 195630 195631 195632 195633 195634 195635 195636 195637
195638 195639 195640 195641 195642 195643 195644 195645 195691 195692
195693 195694 195695 195696 195697 195698 195699 195700 195701 195702
195703 195704 195751 195753 195754 195755 195756 195757 195758 195759
195760 195761 195762 195763 195764 195810 195811 195812 195813 195814
195815 195816 195817 195818 195819 195820 195821 195822 195823 195824
195827 195870 195871 195872 195873 195874 195875 195876 195877 195878
195879 195880 195881 195882 195883 195884 195885 195886 195887 195888
195889 195890 195930 195931 195932 195933 195934 195935 195936 195937
195938 195939 195940 195941 195942 195943 195944 195945 195946 195947
195948 195949 195950 195951 195952 195989 195991 195992 195993 195994
195995 195996 195997 195998 195999 196000 196001 196002 196003 196004
196005 196006 196007 196008 196009 196011 196049 196050 196051 196052
196053 196054 196055 196056 196057 196058 196059 196060 196061 196062
196063 196064 196065 196066 196067 196068 196071 196110 196111 196112
196114 196115 196116 196117 196118 196119 196120 196121 196122 196123
196126 196127 196128 196129 196130 196170 196171 196172 196173 196174
196175 196177 196178 196179 196180 196181 196182 196183 196184 196187
196189 196192 196229 196231 196232 196233 196238 196239 196240 196241
196242 196243 196244 196245 196247 196249 196253 196291 196292 196293
196296 196297 196299 196300 196301 196302 196303 196304 196305 196356
196359 196360 196361 196362 196363 196364 196365 196420 196421 196422
196423 196424 196425 196426 196478 196480 196481 196482 196540 196541
196542 196544 196545 198876 198879 198931 198932 198933 198934 198935
198936 198937 198938 198939 198942 198991 198992 198993 198994 198995
198996 198997 198998 198999 199000 199001 199002 199003 199049 199050
199051 199052 199053 199054 199055 199057 199058 199060 199061 199062
199063 199108 199109 199110 199111 199112 199113 199115 199116 199117
199118 199119 199120 199121 199122 199123 199124 199169 199170 199171
199172 199173 199174 199175 199176 199177 199178 199179 199180 199181
199182 199183 199231 199234 199235 199236 199237 199238 199239 199240
199241 199242 199243 199244 199291 199293 199294 199295 199296 199297
199298 199299 199300 199301 199302 199304 199351 199353 199354 199355
199356 199357 199358 199359 199360 199361 199362 199364 199365 199370
199411 199413 199415 199416 199417 199418 199419 199420 199421 199422
199423 199424 199430 199473 199474 199475 199476 199477 199478 199479
199480 199481 199482 199483 199484 199485 199487 199488 199489 199533
199534 199535 199536 199537 199538 199539 199540 199541 199542 199543
199545 199549 199593 199595 199596 199597 199598 199599 199600 199601
199602 199603 199604 199607 199608 199609 199610 199649 199651 199652
199653 199654 199655 199656 199657 199658 199659 199660 199661 199663
199667 199668 199671 199712 199714 199715 199717 199718 199719 199720
199721 199722 199723 199727 199728 199771 199772 199773 199776 199777
199778 199779 199780 199781 199783 199784 199787 199789 199792 199831
199832 199839 199841 199842 199843 199847 199849 199897 199898 199899
199900 199901 199902 199904 199905 199958 199959 199960 199961 199962
199963 199964 199965 200019 200020 200021 200022 200024 200026 200079
200080 200081 200082 200084 200141 200142 200143 200144 200145 202533
202534 202539 202541 202542 202589 202592 202594 202595 202597 202599
202600 202601 202602 202603 202604 202649 202650 202651 202652 202656
202657 202658 202659 202660 202661 202662 202663 202664 202665 202708
202709 202710 202711 202712 202715 202716 202717 202718 202720 202721
202722 202723 202724 202772 202775 202776 202777 202778 202781 202782
202832 202836 202837 202838 202839 202840 202841 202842 202844 202894
202895 202896 202897 202898 202899 202900 202901 202902 202904 202955
202956 202957 202958 202959 202960 202961 202962 202964 202970 203014
203015 203016 203017 203018 203019 203020 203022 203023 203024 203025
203030 203031 203071 203072 203073 203075 203076 203077 203078 203079
203080 203082 203083 203084 203085 203087 203088 203089 203090 203091
203133 203135 203136 203137 203138 203140 203141 203142 203143 203144
203145 203148 203149 203194 203195 203196 203197 203198 203199 203200
203201 203202 203203 203204 203207 203208 203253 203254 203255 203256
203257 203258 203259 203261 203264 203315 203317 203318 203319 203320
203321 203327 203328 203379 203380 203381 203382 203387 203497 203498
203499 203500 203504 203559 203562 203620 203679 203680 206083 206084
206140 206141 206144 206145 206197 206203 206204 206205 206250 206252
206256 206257 206258 206260 206262 206263 206264 206308 206316 206317
206318 206319 206320 206321 206322 206323 206376 206377 206378 206379
206381 206437 206438 206439 206440 206441 206442 206444 206445 206499
206500 206501 206502 206556 206557 206558 206559 206560 206561 206562
206570 206614 206615 206616 206617 206618 206619 206620 206621 206622
206623 206624 206625 206630 206674 206675 206676 206678 206679 206680
206681 206682 206684 206685 206686 206689 206690 206735 206736 206737
206738 206739 206740 206741 206743 206744 206745 206795 206796 206797
206798 206799 206800 206801 206803 206804 206805 206856 206857 206858
206860 206861 206864 206868 206915 206916 206921 206927 206928 206981
206982 207041 207042 207101 207102 209683 209743 209797 209802 209803
209852 209856 209857 209862 209863 209920 209921 210037 210038 210039
210040 210045 210097 210098 210099 210100 210101 210102 210158 210159
210160 210161 210162 210163 210164 210218 210220 210221 210223 210224
210278 210280 210281 210337 210339 210397 210399 210400 210401 210459
210460 210461 210528 213396 213456 213701 213759 213821 213822 213823
3 3 3 26
0 1 2 3 4 5 6 7 8 9
10 11 12 14 15 16 17 18 19 20
21 22 23 24 25 26
3 3 3 25
0 2 3 4 5 6 7 8 9 10
11 12 14 15 16 17 18 19 20 21
22 23 24 25 26
3 3 3 25
0 1 2 4 5 6 7 8 9 10
11 12 14 15 16 17 18 19 20 21
22 23 24 25 26
3 3 3 25
0 1 2 3 4 6 7 8 9 10
11 12 14 15 16 17 18 19 20 21
22 23 24 25 26
3 3 3 25
0 1 2 3 4 5 6 8 9 10
11 12 14 15 16 17 18 19 20 21
22 23 24 25 26
3 3 3 25
0 1 2 3 4 5 6 7 8 10
11 12 14 15 16 17 18 19 20 21
22 23 24 25 26
3 3 3 25
0 1 2 3 4 5 6 7 8 9
10 12 14 15 16 17 18 19 20 21
22 23 24 25 26
3 3 3 25
0 1 2 3 4 5 6 7 8 9
10 11 12 14 16 17 18 19 20 21
22 23 24 25 26
3 3 3 25
0 1 2 3 4 5 6 7 8 9
10 11 12 14 15 16 18 19 20 21
22 23 24 25 26
3 3 3 25
0 1 2 3 4 5 6 7 8 9
10 11 12 14 15 16 17 18 20 21
22 23 24 25 26
3 3 3 25
0 1 2 3 4 5 6 7 8 9
10 11 12 14 15 16 17 18 19 20
22 23 24 25 26
3 3 3 25
0 1 2 3 4 5 6 7 8 9
10 11 12 14 15 16 17 18 19 20
21 22 24 25 26
3 3 3 25
0 1 2 3 4 5 6 7 8 9
10 11 12 14 15 16 17 18 19 20
21 22 23 24 26
20 20 20 2200
0 1 2 3 4 5 6 7 8 9
10 11 12 13 14 15 16 17 18 19
39 40 41 42 43 44 45 46 47 48
49 50 51 52 53 54 55 56 57 59
60 77 79 80 82 83 84 85 86 87
88 89 90 91 92 93 94 95 97 99
100 102 115 117 119 120 122 124 125 126
127 128 129 130 131 132 133 135 137 139
140 142 144 153 155 157 159 160 162 164
166 167 168 169 170 171 173 175 177 179
180 182 184 186 191 193 195 197 199 200
202 204 206 208 211 213 215 217 219 220
222 224 226 228 229 230 231 233 235 237
239 240 242 244 246 253 255 257 259 260
262 264 266 267 268 269 270 271 272 273
275 277 279 280 282 284 295 297 299 300
302 304 305 306 307 308 309 310 311 312
313 314 315 317 319 320 322 337 339 340
342 343 344 345 346 347 348 349 350 351
352 353 354 355 356 357 359 360 379 380
381 382 383 384 385 386 387 388 389 390
391 392 393 394 395 396 397 398 399 400
800 801 802 803 804 805 806 807 808 809
810 811 812 813 814 815 816 817 818 819
839 840 841 842 843 844 845 846 847 848
849 850 851 852 853 854 855 856 857 859
860 877 879 880 882 883 884 885 886 887
888 889 890 891 892 893 894 895 897 899
900 902 915 917 919 920 922 924 925 926
927 928 929 930 931 932 933 935 937 939
940 942 944 953 955 957 959 960 962 964
966 967 968 969 970 971 973 975 977 979
980 982 984 986 991 993 995 997 999 1000
1002 1004 1006 1008 1011 1013 1015 1017 1019 1020
1022 1024 1026 1028 1029 1030 1031 1033 1035 1037
1039 1040 1042 1044 1046 1053 1055 1057 1059 1060
1062 1064 1066 1067 1068 1069 1070 1071 1072 1073
1075 1077 1079 1080 1082 1084 1095 1097 1099 1100
1102 1104 1105 1106 1107 1108 1109 1110 1111 1112
1113 1114 1115 1117 1119 1120 1122 1137 1139 1140
1142 1143 1144 1145 1146 1147 1148 1149 1150 1151
1152 1153 1154 1155 1156 1157 1159 1160 1179 1180
1181 1182 1183 1184 1185 1186 1187 1188 1189 1190
1191 1192 1193 1194 1195 1196 1197 1198 1199 1200
1600 1601 1602 1603 1604 1605 1606 1607 1608 1609
1610 1611 1612 1613 1614 1615 1616 1617 1618 1619
1639 1640 1641 1642 1643 1644 1645 1646 1647 1648
1649 1650 1651 1652 1653 1654 1655 1656 1657 1659
1660 1677 1679 1680 1682 1683 1684 1685 1686 1687
1688 1689 1690 1691 1692 1693 1694 1695 1697 1699
1700 1702 1715 1717 1719 1720 1722 1724 1725 1726
1727 1728 1729 1730 1731 1732 1733 1735 1737 1739
1740 1742 1744 1753 1755 1757 1759 1760 1762 1764
1766 1767 1768 1769 1770 1771 1773 1775 1777 1779
1780 1782 1784 1786 1791 1793 1795 1797 1799 1800
1802 1804 1806 1808 1811 1813 1815 1817 1819 1820
1822 1824 1826 1828 1829 1830 1831 1833 1835 1837
1839 1840 1842 1844 1846 1853 1855 1857 1859 1860
1862 1864 1866 1867 1868 1869 1870 1871 1872 1873
1875 1877 1879 1880 1882 1884 1895 1897 1899 1900
1902 1904 1905 1906 1907 1908 1909 1910 1911 1912
1913 1914 1915 1917 1919 1920 1922 1937 1939 1940
1942 1943 1944 1945 1946 1947 1948 1949 1950 1951
1952 1953 1954 1955 1956 1957 1959 1960 1979 1980
1981 1982 1983 1984 1985 1986 1987 1988 1989 1990
1991 1992 1993 1994 1995 1996 1997 1998 1999 2000
2400 2401 2402 2403 2404 2405 2406 2407 2408 2409
2410 2411 2412 2413 2414 2415 2416 2417 2418 2419
2439 2440 2441 2442 2443 2444 2445 2446 2447 2448
2449 2450 2451 2452 2453 2454 2455 2456 2457 2459
2460 2477 2479 2480 2482 2483 2484 2485 2486 2487
2488 2489 2490 2491 2492 2493 2494 2495 2497 2499
2500 2502 2515 2517 2519 2520 2522 2524 2525 2526
2527 2528 2529 2530 2531 2532 2533 2535 2537 2539
2540 2542 2544 2553 2555 2557 2559 2560 2562 2564
2566 2567 2568 2569 2570 2571 2573 2575 2577 2579
2580 2582 2584 2586 2591 2593 2595 2597 2599 2600
2602 2604 2606 2608 2611 2613 2615 2617 2619 2620
2622 2624 2626 2628 2629 2630 2631 2633 2635 2637
2639 2640 2642 2644 2646 2653 2655 2657 2659 2660
2662 2664 2666 2667 2668 2669 2670 2671 2672 2673
2675 2677 2679 2680 2682 2684 2695 2697 2699 2700
2702 2704 2705 2706 2707 2708 2709 2710 2711 2712
2713 2714 2715 2717 2719 2720 2722 2737 2739 2740
2742 2743 2744 2745 2746 2747 2748 2749 2750 2751
2752 2753 2754 2755 2756 2757 2759 2760 2779 2780
2781 2782 2783 2784 2785 2786 2787 2788 2789 2790
2791 2792 2793 2794 2795 2796 2797 2798 2799 2800
3200 3201 3202 3203 3204 3205 3206 3207 3208 3209
3210 3211 3212 3213 3214 3215 3216 3217 3218 3219
3239 3240 3241 3242 3243 3244 3245 3246 3247 3248
3249 3250 3251 3252 3253 3254 3255 3256 3257 3259
3260 3277 3279 3280 3282 3283 3284 3285 3286 3287
3288 3289 3290 3291 3292 3293 3294 3295 3297 3299
3300 3302 3315 3317 3319 3320 3322 3324 3325 3326
3327 3328 3329 3330 3331 3332 3333 3335 3337 3339
3340 3342 3344 3353 3355 3357 3359 3360 3362 3364
3366 3367 3368 3369 3370 3371 3373 3375 3377 3379
3380 3382 3384 3386 3391 3393 3395 3397 3399 3400
3402 3404 3406 3408 3411 3413 3415 3417 3419 3420
3422 3424 3426 3428 3429 3430 3431 3433 3435 3437
3439 3440 3442 3444 3446 3453 3455 3457 3459 3460
3462 3464 3466 3467 3468 3469 3470 3471 3472 3473
3475 3477 3479 3480 3482 3484 3495 3497 3499 3500
3502 3504 3505 3506 3507 3508 3509 3510 3511 3512
3513 3514 3515 3517 3519 3520 3522 3537 3539 3540
3542 3543 3544 3545 3546 3547 3548 3549 3550 3551
3552 3553 3554 3555 3556 3557 3559 3560 3579 3580
3581 3582 3583 3584 3585 3586 3587 3588 3589 3590
3591 3592 3593 3594 3595 3596 3597 3598 3599 3600
4000 4001 4002 4003 4004 4005 4006 4007 4008 4009
4010 4011 4012 4013 4014 4015 4016 4017 4018 4019
4039 4040 4041 4042 4043 4044 4045 4046 4047 4048
4049 4050 4051 4052 4053 4054 4055 4056 4057 4059
4060 4077 4079 4080 4082 4083 4084 4085 4086 4087
4088 4089 4090 4091 4092 4093 4094 4095 4097 4099
4100 4102 4115 4117 4119 4120 4122 4124 4125 4126
4127 4128 4129 4130 4131 4132 4133 4135 4137 4139
4140 4142 4144 4153 4155 4157 4159 4160 4162 4164
4166 4167 4168 4169 4170 4171 4173 4175 4177 4179
4180 4182 4184 4186 4191 4193 4195 4197 4199 4200
4202 4204 4206 4208 4211 4213 4215 4217 4219 4220
4222 4224 4226 4228 4229 4230 4231 4233 4235 4237
4239 4240 4242 4244 4246 4253 4255 4257 4259 4260
4262 4264 4266 4267 4268 4269 4270 4271 4272 4273
4275 4277 4279 4280 4282 4284 4295 4297 4299 4300
4302 4304 4305 4306 4307 4308 4309 4310 4311 4312
4313 4314 4315 4317 4319 4320 4322 4337 4339 4340
4342 4343 4344 4345 4346 4347 4348 4349 4350 4351
4352 4353 4354 4355 4356 4357 4359 4360 4379 4380
4381 4382 4383 4384 4385 4386 4387 4388 4389 4390
4391 4392 4393 4394 4395 4396 4397 4398 4399 4400
4800 4801 4802 4803 4804 4805 4806 4807 4808 4809
4810 4811 4812 4813 4814 4815 4816 4817 4818 4819
4839 4840 4841 4842 4843 4844 4845 4846 4847 4848
4849 4850 4851 4852 4853 4854 4855 4856 4857 4859
4860 4877 4879 4880 4882 4883 4884 4885 4886 4887
4888 4889 4890 4891 4892 4893 4894 4895 4897 4899
4900 4902 4915 4917 4919 4920 4922 4924 4925 4926
4927 4928 4929 4930 4931 4932 4933 4935 4937 4939
4940 4942 4944 4953 4955 4957 4959 4960 4962 4964
4966 4967 4968 4969 4970 4971 4973 4975 4977 4979
4980 4982 4984 4986 4991 4993 4995 4997 4999 5000
5002 5004 5006 5008 5011 5013 5015 5017 5019 5020
5022 5024 5026 5028 5029 5030 5031 5033 5035 5037
5039 5040 5042 5044 5046 5053 5055 5057 5059 5060
5062 5064 5066 5067 5068 5069 5070 5071 5072 5073
5075 5077 5079 5080 5082 5084 5095 5097 5099 5100
5102 5104 5105 5106 5107 5108 5109 5110 5111 5112
5113 5114 5115 5117 5119 5120 5122 5137 5139 5140
5142 5143 5144 5145 5146 5147 5148 5149 5150 5151
5152 5153 5154 5155 5156 5157 5159 5160 5179 5180
5181 5182 5183 5184 5185 5186 5187 5188 5189 5190
5191 5192 5193 5194 5195 5196 5197 5198 5199 5200
5600 5601 5602 5603 5604 5605 5606 5607 5608 5609
5610 5611 5612 5613 5614 5615 5616 5617 5618 5619
5639 5640 5641 5642 5643 5644 5645 5646 5647 5648
5649 5650 5651 5652 5653 5654 5655 5656 5657 5659
5660 5677 5679 5680 5682 5683 5684 5685 5686 5687
5688 5689 5690 5691 5692 5693 5694 5695 5697 5699
5700 5702 5715 5717 5719 5720 5722 5724 5725 5726
5727 5728 5729 5730 5731 5732 5733 5735 5737 5739
5740 5742 5744 5753 5755 5757 5759 5760 5762 5764
5766 5767 5768 5769 5770 5771 5773 5775 5777 5779
5780 5782 5784 5786 5791 5793 5795 5797 5799 5800
5802 5804 5806 5808 5811 5813 5815 5817 5819 5820
5822 5824 5826 5828 5829 5830 5831 5833 5835 5837
5839 5840 5842 5844 5846 5853 5855 5857 5859 5860
5862 5864 5866 5867 5868 5869 5870 5871 5872 5873
5875 5877 5879 5880 5882 5884 5895 5897 5899 5900
5902 5904 5905 5906 5907 5908 5909 5910 5911 5912
5913 5914 5915 5917 5919 5920 5922 5937 5939 5940
5942 5943 5944 5945 5946 5947 5948 5949 5950 5951
5952 5953 5954 5955 5956 5957 5959 5960 5979 5980
5981 5982 5983 5984 5985 5986 5987 5988 5989 5990
5991 5992 5993 5994 5995 5996 5997 5998 5999 6000
6400 6401 6402 6403 6404 6405 6406 6407 6408 6409
6410 6411 6412 6413 6414 6415 6416 6417 6418 6419
6439 6440 6441 6442 6443 6444 6445 6446 6447 6448
6449 6450 6451 6452 6453 6454 6455 6456 6457 6459
6460 6477 6479 6480 6482 6483 6484 6485 6486 6487
6488 6489 6490 6491 6492 6493 6494 6495 6497 6499
6500 6502 6515 6517 6519 6520 6522 6524 6525 6526
6527 6528 6529 6530 6531 6532 6533 6535 6537 6539
6540 6542 6544 6553 6555 6557 6559 6560 6562 6564
6566 6567 6568 6569 6570 6571 6573 6575 6577 6579
6580 6582 6584 6586 6591 6593 6595 6597 6599 6600
6602 6604 6606 6608 6611 6613 6615 6617 6619 6620
6622 6624 6626 6628 6629 6630 6631 6633 6635 6637
6639 6640 6642 6644 6646 6653 6655 6657 6659 6660
6662 6664 6666 6667 6668 6669 6670 6671 6672 6673
6675 6677 6679 6680 6682 6684 6695 6697 6699 6700
6702 6704 6705 6706 6707 6708 6709 6710 6711 6712
6713 6714 6715 6717 6719 6720 6722 6737 6739 6740
6742 6743 6744 6745 6746 6747 6748 6749 6750 6751
6752 6753 6754 6755 6756 6757 6759 6760 6779 6780
6781 6782 6783 6784 6785 6786 6787 6788 6789 6790
6791 6792 6793 6794 6795 6796 6797 6798 6799 6800
7200 7201 7202 7203 7204 7205 7206 7207 7208 7209
7210 7211 7212 7213 7214 7215 7216 7217 7218 7219
7239 7240 7241 7242 7243 7244 7245 7246 7247 7248
7249 7250 7251 7252 7253 7254 7255 7256 7257 7259
7260 7277 7279 7280 7282 7283 7284 7285 7286 7287
7288 7289 7290 7291 7292 7293 7294 7295 7297 7299
7300 7302 7315 7317 7319 7320 7322 7324 7325 7326
7327 7328 7329 7330 7331 7332 7333 7335 7337 7339
7340 7342 7344 7353 7355 7357 7359 7360 7362 7364
7366 7367 7368 7369 7370 7371 7373 7375 7377 7379
7380 7382 7384 7386 7391 7393 7395 7397 7399 7400
7402 7404 7406 7408 7411 7413 7415 7417 7419 7420
7422 7424 7426 7428 7429 7430 7431 7433 7435 7437
7439 7440 7442 7444 7446 7453 7455 7457 7459 7460
7462 7464 7466 7467 7468 7469 7470 7471 7472 7473
7475 7477 7479 7480 7482 7484 7495 7497 7499 7500
7502 7504 7505 7506 7507 7508 7509 7510 7511 7512
7513 7514 7515 7517 7519 7520 7522 7537 7539 7540
7542 7543 7544 7545 7546 7547 7548 7549 7550 7551
7552 7553 7554 7555 7556 7557 7559 7560 7579 7580
7581 7582 7583 7584 7585 7586 7587 7588 7589 7590
7591 7592 7593 7594 7595 7596 7597 7598 7599 7600
0 0 0 0
